      0/99     6.57G   0.07875   0.04941   0.03832    0.1665        20      1024    0.2585    0.3012    0.2265   0.08983   0.06072   0.03649   0.03224
      1/99     7.47G   0.06232   0.04384   0.01632    0.1225        83      1024    0.3831    0.3794    0.3251    0.1579   0.05591    0.0346    0.0248
      2/99     18.4G   0.05973   0.04308   0.01297    0.1158       177      1024    0.4043    0.4336    0.3993    0.1801   0.05314    0.0343   0.01868
      3/99     18.4G   0.05681   0.04202   0.01155    0.1104       211      1024    0.4188    0.5049    0.4581    0.2329      0.05   0.03339   0.01599
      4/99     18.4G   0.05455   0.03992  0.009736    0.1042       157      1024    0.3997    0.5567      0.48    0.2504   0.05056   0.03326   0.01385
      5/99     18.4G   0.05256   0.03889  0.008385   0.09984        63      1024    0.4373    0.5969    0.5364    0.2847   0.04682   0.03144   0.01033
      6/99     18.4G   0.05188    0.0387  0.008124   0.09871        53      1024    0.3975    0.6332    0.5462    0.2957   0.04701   0.03106   0.01027
      7/99     18.4G   0.05062   0.03833  0.007273   0.09622       252      1024    0.4432    0.6182    0.5541       0.3   0.04518   0.03147  0.009425
      8/99     18.4G   0.04978   0.03746   0.00692   0.09416       184      1024    0.4595    0.6511    0.5912    0.3332   0.04417   0.03077  0.008234
      9/99     18.4G   0.04909    0.0372  0.006492   0.09278       429      1024    0.4678    0.6429    0.5815    0.3287   0.04471   0.03047  0.007566
     10/99     18.4G   0.04883   0.03692  0.006319   0.09206        55      1024    0.4808    0.6332    0.5787    0.3228   0.04424   0.03084  0.008136
     11/99     18.4G   0.04866   0.03689  0.006207   0.09175       181      1024    0.4598    0.6643    0.5982    0.3423   0.04351   0.03033  0.007754
     12/99     18.4G   0.04812   0.03618   0.00594   0.09024       335      1024    0.4869    0.6558    0.6001    0.3395   0.04281   0.03005  0.007395
     13/99     18.4G   0.04798   0.03566  0.005909   0.08955        53      1024    0.5025     0.665    0.6101    0.3509   0.04261   0.02982  0.006851
     14/99     18.4G   0.04735   0.03593  0.005467   0.08875       183      1024     0.479    0.6743    0.6046    0.3499   0.04195   0.02982  0.006622
     15/99     18.4G   0.04752   0.03521  0.005624   0.08836       190      1024    0.4813     0.689    0.6163    0.3552   0.04243   0.02962  0.006668
     16/99     18.4G    0.0472   0.03552  0.005369   0.08808        54      1024    0.4794     0.679    0.6208    0.3655   0.04144   0.02967  0.006566
     17/99     18.4G   0.04673   0.03527  0.005208   0.08721       199      1024     0.502    0.6977     0.629    0.3601    0.0418    0.0294  0.006567
     18/99     18.4G   0.04659   0.03574  0.005256   0.08759       131      1024    0.4966    0.6825    0.6239    0.3643   0.04165   0.02952  0.006898
     19/99     18.4G   0.04648   0.03417  0.005238   0.08589       109      1024    0.4827    0.6981    0.6271    0.3753   0.04093   0.02938  0.006278
     20/99     18.4G    0.0464   0.03499  0.005043   0.08644       110      1024    0.5038    0.7036     0.648    0.3812   0.04112   0.02893  0.006257
     21/99     18.4G   0.04621   0.03436  0.005078   0.08565       314      1024    0.4988    0.7007    0.6323    0.3713   0.04109   0.02914  0.005729
     22/99     18.4G   0.04584   0.03438  0.004977    0.0852        30      1024    0.5072    0.7016    0.6417    0.3817   0.04042   0.02919  0.005643
     23/99     18.4G   0.04617   0.03518  0.004931   0.08629        39      1024    0.4862    0.7009    0.6402     0.383   0.04074   0.02891  0.005798
     24/99     18.4G   0.04577   0.03458  0.005007   0.08536       193      1024    0.5058    0.7091    0.6419    0.3849   0.04055   0.02895  0.005949
     25/99     18.4G   0.04556   0.03388  0.004626   0.08407        44      1024    0.5093    0.7081    0.6546    0.3973   0.04016   0.02883  0.005649
     26/99     18.4G   0.04529   0.03355  0.004418   0.08326        40      1024    0.5051    0.7135    0.6539    0.3953   0.04006   0.02873  0.005526
     27/99     18.4G   0.04483    0.0336  0.004557   0.08299        21      1024    0.5016    0.7002    0.6444     0.393      0.04   0.02881  0.005554
     28/99     18.4G   0.04516   0.03418   0.00442   0.08376        76      1024    0.5013    0.7147    0.6448    0.3935   0.03973   0.02871  0.005549
     29/99     18.4G   0.04518   0.03347  0.004447    0.0831       177      1024    0.5126    0.7195    0.6543    0.3971   0.03984   0.02858  0.005453
     30/99     18.4G   0.04443   0.03362  0.004326   0.08237       101      1024    0.5116    0.7186    0.6576    0.4026   0.03953   0.02857  0.005515
     31/99     18.4G   0.04445   0.03339   0.00441   0.08225       258      1024    0.5046    0.7174    0.6463    0.3974   0.03966   0.02863   0.00558
     32/99     18.4G   0.04431   0.03304  0.004163   0.08152       121      1024     0.523    0.7095    0.6539    0.4024   0.03942   0.02861  0.005682
     33/99     18.4G   0.04435   0.03272   0.00425   0.08132        80      1024     0.509    0.7122    0.6553     0.404    0.0393   0.02852  0.005291
     34/99     18.4G   0.04416   0.03333  0.004143   0.08163       112      1024    0.5253    0.7184    0.6582    0.4095   0.03932   0.02845  0.005162
     35/99     18.4G   0.04381   0.03287  0.003976   0.08066       119      1024    0.5181    0.7199    0.6616    0.4072   0.03916   0.02846  0.005152
     36/99     18.4G    0.0439   0.03308   0.00389   0.08087       222      1024    0.5123    0.7198    0.6608    0.4074   0.03918   0.02837  0.005144
     37/99     18.4G   0.04378   0.03307  0.003952    0.0808       272      1024    0.5216    0.7193    0.6644    0.4082   0.03915   0.02845  0.005299
     38/99     18.4G   0.04363   0.03287  0.003972   0.08047       221      1024    0.5148    0.7239    0.6606      0.41   0.03913   0.02846  0.005259
     39/99     18.4G   0.04405   0.03283  0.003798   0.08068       244      1024    0.5162    0.7131    0.6554    0.4091   0.03919   0.02846  0.005309
     40/99     18.4G   0.04346   0.03272  0.003744   0.07992       422      1024    0.5219    0.7174    0.6641      0.41   0.03914   0.02842  0.005414
     41/99     18.4G   0.04337   0.03204  0.003719   0.07913       133      1024    0.5196     0.718    0.6677    0.4149   0.03897   0.02835  0.005546
     42/99     18.4G   0.04338   0.03172  0.003832   0.07893       343      1024    0.5216    0.7189    0.6649    0.4142   0.03894   0.02835  0.005433
     43/99     18.4G   0.04356   0.03277   0.00371   0.08004       116      1024    0.5191    0.7184    0.6638    0.4148   0.03892   0.02838   0.00531
     44/99     18.4G   0.04362   0.03304  0.003761   0.08042       125      1024    0.5125    0.7165    0.6597    0.4135   0.03878   0.02836  0.005157
     45/99     18.4G   0.04322   0.03235  0.003584   0.07915       119      1024    0.5135    0.7202    0.6619    0.4154   0.03877   0.02837  0.005207
     46/99     18.4G   0.04286   0.03194  0.003546   0.07835       311      1024    0.5194    0.7206    0.6647    0.4163   0.03875   0.02835  0.005232
     47/99     18.4G   0.04251   0.03196  0.003536     0.078       177      1024    0.5244    0.7221    0.6687    0.4187   0.03869   0.02834  0.005169
     48/99     18.4G   0.04285   0.03197  0.003506   0.07833       310      1024    0.5218    0.7247    0.6722    0.4207   0.03864   0.02836  0.005138
     49/99     18.4G   0.04209   0.03146  0.003461   0.07701       215      1024    0.5247    0.7305    0.6731    0.4218   0.03864   0.02836  0.005117
     50/99     18.4G   0.04262   0.03174  0.003413   0.07777       177      1024    0.5283    0.7319    0.6744    0.4218   0.03863   0.02834  0.005137
     51/99     18.4G   0.04251   0.03129  0.003477   0.07728       238      1024    0.5245    0.7296    0.6741    0.4218   0.03858   0.02831  0.005084
     52/99     18.4G   0.04236   0.03172  0.003298   0.07738        99      1024    0.5264    0.7305    0.6729    0.4221   0.03854   0.02834   0.00505
     53/99     18.4G     0.042   0.03116  0.003223   0.07638       375      1024    0.5296    0.7307    0.6746    0.4233   0.03851   0.02833  0.005054
     54/99     18.4G     0.042   0.03143  0.003236   0.07666        70      1024    0.5316    0.7304    0.6758    0.4235   0.03851   0.02834  0.005073
     55/99     18.4G   0.04196   0.03121  0.003074   0.07624       215      1024    0.5297    0.7279    0.6758    0.4235   0.03852   0.02834  0.005077
     56/99     18.4G    0.0414   0.03122  0.003067   0.07569       190      1024    0.5356    0.7313    0.6766    0.4233   0.03851   0.02832   0.00508
     57/99     18.4G   0.04188   0.03093  0.003119   0.07593        55      1024     0.539    0.7347    0.6773     0.424   0.03853   0.02832  0.005095
     58/99     18.4G   0.04144    0.0308  0.002979   0.07521       117      1024    0.5381    0.7347     0.677    0.4251   0.03853   0.02832  0.005112
     59/99     18.4G   0.04132   0.03065  0.002985   0.07495        90      1024    0.5408    0.7369    0.6789    0.4257   0.03851   0.02832  0.005122
     60/99     18.4G   0.04161   0.03077  0.003114   0.07549       282      1024    0.5401    0.7387    0.6793    0.4263   0.03849   0.02831  0.005138
     61/99     18.4G   0.04148   0.03139  0.002941   0.07581       509      1024    0.5413    0.7385    0.6798    0.4268   0.03847   0.02831  0.005161
     62/99     18.4G    0.0413   0.03127  0.002944   0.07551        41      1024    0.5413    0.7393    0.6801    0.4271   0.03847    0.0283  0.005168
     63/99     18.4G   0.04125   0.03072  0.002854   0.07483       269      1024    0.5417    0.7393    0.6805    0.4272   0.03846   0.02829  0.005192
     64/99     18.4G   0.04134   0.03121  0.002894   0.07544       262      1024    0.5431    0.7407    0.6816    0.4277   0.03847   0.02828  0.005208
     65/99     18.4G   0.04082   0.03045  0.002846   0.07412       473      1024    0.5431    0.7397    0.6821    0.4279   0.03846   0.02827  0.005201
     66/99     18.4G   0.04077   0.03011   0.00279   0.07367       134      1024    0.5445     0.741    0.6825    0.4286   0.03845   0.02827   0.00519
     67/99     18.4G   0.04083   0.03067  0.002748   0.07425       210      1024    0.5461    0.7404    0.6827    0.4284   0.03845   0.02826    0.0052
     68/99     18.4G   0.04029   0.03031  0.002734   0.07333       226      1024    0.5467    0.7399    0.6823    0.4283   0.03844   0.02827  0.005205
     69/99     18.4G   0.04009   0.03009  0.002617   0.07279       135      1024    0.5464    0.7396    0.6816    0.4285   0.03844   0.02827  0.005203
     70/99     18.4G   0.04028   0.03001   0.00259   0.07287       126      1024    0.5477    0.7385    0.6819    0.4281   0.03844   0.02828  0.005201
     71/99     18.4G   0.04007    0.0301  0.002586   0.07276       885      1024    0.5484    0.7379    0.6822    0.4284   0.03844   0.02828  0.005197
     72/99     18.4G   0.04026   0.02991  0.002516   0.07269       253      1024    0.5486    0.7374    0.6821    0.4283   0.03843   0.02828  0.005196
     73/99     18.4G   0.03995   0.03002  0.002504   0.07247       139      1024    0.5487    0.7376    0.6827    0.4284   0.03843   0.02828  0.005189
     74/99     18.4G   0.03998   0.02958  0.002531   0.07209       326      1024    0.5494    0.7368    0.6826    0.4287   0.03842   0.02829  0.005185
     75/99     18.4G   0.04005   0.02918  0.002507   0.07174       210      1024    0.5497     0.736    0.6826    0.4284   0.03841    0.0283  0.005191
     76/99     18.4G   0.03981   0.02952  0.002442   0.07177       350      1024    0.5489    0.7357     0.682    0.4282    0.0384   0.02831  0.005192
     77/99     18.4G   0.03974   0.03001  0.002444   0.07219       120      1024    0.5501    0.7357    0.6818    0.4285   0.03839   0.02832  0.005197
     78/99     18.4G   0.03964   0.02947  0.002433   0.07154       431      1024    0.5529    0.7358    0.6815    0.4285   0.03839   0.02833  0.005194
     79/99     18.4G   0.03944   0.02924  0.002345   0.07102       223      1024     0.554    0.7352    0.6815     0.429   0.03839   0.02833  0.005196
     80/99     18.4G   0.03967   0.03032  0.002328   0.07232       250      1024    0.5553    0.7346    0.6814    0.4289   0.03839   0.02834  0.005196
     81/99     18.4G   0.03952   0.02969  0.002326   0.07153       281      1024    0.5578    0.7344    0.6814    0.4289   0.03839   0.02835  0.005194
     82/99     18.4G   0.03975   0.02947  0.002274    0.0715       195      1024      0.56    0.7339    0.6812    0.4291   0.03838   0.02835  0.005192
     83/99     18.4G    0.0393   0.02933  0.002295   0.07092       251      1024    0.5609    0.7338    0.6813     0.429   0.03838   0.02836  0.005199
     84/99     18.4G   0.03922   0.02921  0.002194   0.07062        58      1024    0.5627    0.7326    0.6811    0.4293   0.03838   0.02836  0.005205
     85/99     18.4G   0.03953   0.02923  0.002204   0.07097       276      1024    0.5661    0.7325    0.6811    0.4293   0.03838   0.02837  0.005206
     86/99     18.4G   0.03905   0.02854  0.002205    0.0698       135      1024    0.5666    0.7318    0.6811    0.4293   0.03838   0.02837  0.005203
     87/99     18.4G   0.03863   0.02857  0.002185   0.06939        44      1024    0.5655    0.7309    0.6806    0.4293   0.03838   0.02838    0.0052
     88/99     18.4G   0.03885   0.02905  0.002158   0.07006       442      1024    0.5666    0.7313     0.681    0.4296   0.03838   0.02839  0.005199
     89/99     18.4G   0.03893   0.02872   0.00214   0.06979        74      1024     0.567    0.7311    0.6812    0.4301   0.03838    0.0284  0.005201
     90/99     18.4G   0.03891   0.02859  0.002164   0.06966       245      1024    0.5747    0.7329    0.6832    0.4301   0.03838   0.02841  0.005203
     91/99     18.4G   0.03852   0.02899   0.00216   0.06967       238      1024     0.579     0.733    0.6835    0.4303   0.03838   0.02841  0.005207
     92/99     18.4G   0.03901   0.02853  0.002121   0.06966       122      1024    0.5806    0.7328    0.6835    0.4303   0.03838   0.02842  0.005209
     93/99     18.4G   0.03874   0.02881  0.002101   0.06964       225      1024    0.5721    0.7311    0.6813    0.4303   0.03838   0.02843  0.005211
     94/99     18.4G   0.03886   0.02879  0.002063   0.06971       111      1024    0.5738    0.7309    0.6814      0.43   0.03839   0.02844  0.005215
     95/99     18.4G    0.0385   0.02849  0.002108    0.0691        66      1024     0.574    0.7301    0.6812    0.4299   0.03839   0.02844  0.005215
     96/99     18.4G   0.03866   0.02858  0.002022   0.06926       108      1024     0.575    0.7298     0.681      0.43    0.0384   0.02845   0.00522
     97/99     18.4G   0.03864   0.02842  0.002015   0.06907        99      1024     0.576    0.7297     0.681    0.4299    0.0384   0.02846  0.005223
     98/99     18.4G   0.03878   0.02935   0.00203   0.07016       149      1024    0.5775    0.7291    0.6809    0.4298    0.0384   0.02847  0.005227
     99/99     18.4G    0.0386   0.02873  0.002027   0.06936       258      1024    0.5791    0.7296    0.6807    0.4298    0.0384   0.02848  0.005232
